MOSCAP CV measurement data file.
Measurement comments:

DC bias (V)	Capacitance (F)	Quality factor

-10,000000	3,280070E-10	14,067100
-9,950000	3,279810E-10	14,067200
-9,900000	3,279510E-10	14,057600
-9,850000	3,279160E-10	14,060100
-9,800000	3,279330E-10	14,065900
-9,750000	3,279730E-10	14,062400
-9,700000	3,279520E-10	14,064200
-9,650000	3,279430E-10	14,074000
-9,600000	3,279210E-10	14,073900
-9,550000	3,279060E-10	14,074600
-9,500000	3,279010E-10	14,081600
-9,450000	3,278870E-10	14,077700
-9,400000	3,278890E-10	14,082500
-9,350000	3,278470E-10	14,083300
-9,300000	3,278330E-10	14,071200
-9,250000	3,277820E-10	14,079700
-9,200000	3,277560E-10	14,070400
-9,150000	3,277230E-10	14,067800
-9,100000	3,276960E-10	14,066300
-9,050000	3,276640E-10	14,063100
-9,000000	3,276400E-10	14,057200
-8,950000	3,276090E-10	14,054500
-8,900000	3,275800E-10	14,057800
-8,850000	3,275520E-10	14,056400
-8,800000	3,275550E-10	14,072800
-8,750000	3,274490E-10	14,066200
-8,700000	3,273680E-10	14,065800
-8,650000	3,273630E-10	14,080100
-8,600000	3,273380E-10	14,076200
-8,550000	3,273240E-10	14,073400
-8,500000	3,273120E-10	14,076400
-8,450000	3,272980E-10	14,086300
-8,400000	3,272920E-10	14,091100
-8,350000	3,272570E-10	14,074300
-8,300000	3,272060E-10	14,072900
-8,250000	3,271790E-10	14,068500
-8,200000	3,271470E-10	14,070800
-8,150000	3,271150E-10	14,062300
-8,100000	3,270780E-10	14,064200
-8,050000	3,270420E-10	14,068900
-8,000000	3,270210E-10	14,064800
-7,950000	3,269960E-10	14,072200
-7,900000	3,269650E-10	14,075600
-7,850000	3,269420E-10	14,083500
-7,800000	3,269210E-10	14,089400
-7,750000	3,269030E-10	14,089600
-7,700000	3,268760E-10	14,099300
-7,650000	3,268680E-10	14,098500
-7,600000	3,268470E-10	14,100700
-7,550000	3,268150E-10	14,104300
-7,500000	3,267930E-10	14,102600
-7,450000	3,267660E-10	14,111800
-7,400000	3,267210E-10	14,113600
-7,350000	3,266530E-10	14,101200
-7,300000	3,266060E-10	14,095700
-7,250000	3,265740E-10	14,089500
-7,200000	3,265440E-10	14,094500
-7,150000	3,265040E-10	14,095900
-7,100000	3,264610E-10	14,094800
-7,050000	3,264160E-10	14,093800
-7,000000	3,263720E-10	14,095100
-6,950000	3,263060E-10	14,090100
-6,900000	3,262540E-10	14,075900
-6,850000	3,262040E-10	14,078200
-6,800000	3,261960E-10	14,072400
-6,750000	3,261680E-10	14,077200
-6,700000	3,261370E-10	14,080500
-6,650000	3,260990E-10	14,080900
-6,600000	3,260550E-10	14,083200
-6,550000	3,259610E-10	14,064700
-6,500000	3,258900E-10	14,049700
-6,450000	3,258480E-10	14,054900
-6,400000	3,257940E-10	14,047100
-6,350000	3,257370E-10	14,043100
-6,300000	3,256770E-10	14,038700
-6,250000	3,256260E-10	14,039300
-6,200000	3,255830E-10	14,046200
-6,150000	3,255320E-10	14,057400
-6,100000	3,255060E-10	14,072000
-6,050000	3,254600E-10	14,077500
-6,000000	3,254090E-10	14,080300
-5,950000	3,253680E-10	14,080100
-5,900000	3,253200E-10	14,090700
-5,850000	3,252720E-10	14,099100
-5,800000	3,252180E-10	14,101400
-5,750000	3,251620E-10	14,105800
-5,700000	3,251110E-10	14,108000
-5,650000	3,250550E-10	14,128300
-5,600000	3,254840E-10	14,240600
-5,550000	3,255750E-10	14,090500
-5,500000	3,254980E-10	14,087000
-5,450000	3,254590E-10	14,089700
-5,400000	3,253850E-10	14,085700
-5,350000	3,252890E-10	14,087800
-5,300000	3,252160E-10	14,081900
-5,250000	3,251580E-10	14,078400
-5,200000	3,250700E-10	14,072800
-5,150000	3,250010E-10	14,079200
-5,100000	3,249330E-10	14,086500
-5,050000	3,248620E-10	14,070600
-5,000000	3,247690E-10	14,086100
-4,950000	3,246850E-10	14,093400
-4,900000	3,246110E-10	14,101800
-4,850000	3,245280E-10	14,098600
-4,800000	3,244440E-10	14,099700
-4,750000	3,243390E-10	14,090700
-4,700000	3,242540E-10	14,087300
-4,650000	3,241560E-10	14,086700
-4,600000	3,240450E-10	14,084200
-4,550000	3,239470E-10	14,078100
-4,500000	3,238230E-10	14,082600
-4,450000	3,237210E-10	14,087500
-4,400000	3,236220E-10	14,088000
-4,350000	3,235080E-10	14,094400
-4,300000	3,234050E-10	14,099000
-4,250000	3,233020E-10	14,101500
-4,200000	3,232070E-10	14,112800
-4,150000	3,231230E-10	14,132200
-4,100000	3,230010E-10	14,133700
-4,050000	3,228940E-10	14,176200
-4,000000	3,227360E-10	14,245400
-3,950000	3,225020E-10	14,340200
-3,900000	3,221360E-10	14,381300
-3,850000	3,219250E-10	14,370300
-3,800000	3,216950E-10	14,353300
-3,750000	3,215370E-10	14,349300
-3,700000	3,213290E-10	14,317300
-3,650000	3,211600E-10	14,303300
-3,600000	3,209820E-10	14,289500
-3,550000	3,207680E-10	14,252000
-3,500000	3,205870E-10	14,222600
-3,450000	3,204170E-10	14,216500
-3,400000	3,202630E-10	14,213700
-3,350000	3,200960E-10	14,209000
-3,300000	3,199490E-10	14,220800
-3,250000	3,197880E-10	14,227200
-3,200000	3,196260E-10	14,222000
-3,150000	3,194600E-10	14,233600
-3,100000	3,192960E-10	14,224400
-3,050000	3,191080E-10	14,224100
-3,000000	3,189290E-10	14,220000
-2,950000	3,187520E-10	14,221900
-2,900000	3,185390E-10	14,208600
-2,850000	3,183420E-10	14,198200
-2,800000	3,181340E-10	14,195300
-2,750000	3,179100E-10	14,188200
-2,700000	3,176930E-10	14,171100
-2,650000	3,174850E-10	14,171600
-2,600000	3,172670E-10	14,167200
-2,550000	3,170380E-10	14,154500
-2,500000	3,168060E-10	14,132700
-2,450000	3,165930E-10	14,124400
-2,400000	3,163720E-10	14,105300
-2,350000	3,161560E-10	14,087600
-2,300000	3,159320E-10	14,072300
-2,250000	3,156990E-10	14,043200
-2,200000	3,154590E-10	14,017800
-2,150000	3,152040E-10	13,986400
-2,100000	3,149530E-10	13,945900
-2,050000	3,146950E-10	13,904200
-2,000000	3,144200E-10	13,851900
-1,950000	3,141410E-10	13,801800
-1,900000	3,138420E-10	13,743000
-1,850000	3,135500E-10	13,675000
-1,800000	3,132510E-10	13,603700
-1,750000	3,129260E-10	13,527600
-1,700000	3,126270E-10	13,441000
-1,650000	3,122850E-10	13,355100
-1,600000	3,119400E-10	13,247800
-1,550000	3,115720E-10	13,133400
-1,500000	3,111900E-10	13,011300
-1,450000	3,107740E-10	12,870700
-1,400000	3,103370E-10	12,726800
-1,350000	3,098700E-10	12,563600
-1,300000	3,093630E-10	12,388300
-1,250000	3,087980E-10	12,198500
-1,200000	3,082190E-10	11,997500
-1,150000	3,075860E-10	11,785800
-1,100000	3,068920E-10	11,556400
-1,050000	3,061280E-10	11,317600
-1,000000	3,053300E-10	11,066400
-0,950000	3,044600E-10	10,807100
-0,900000	3,034870E-10	10,530700
-0,850000	3,024380E-10	10,244600
-0,800000	3,012820E-10	9,947100
-0,750000	3,000170E-10	9,637130
-0,700000	2,986400E-10	9,323960
-0,650000	2,971280E-10	8,999360
-0,600000	2,954510E-10	8,669460
-0,550000	2,935960E-10	8,332640
-0,500000	2,915620E-10	7,990300
-0,450000	2,892990E-10	7,649500
-0,400000	2,868130E-10	7,306410
-0,350000	2,841060E-10	6,969290
-0,300000	2,810920E-10	6,637400
-0,250000	2,777910E-10	6,307440
-0,200000	2,742110E-10	5,990170
-0,150000	2,702690E-10	5,679950
-0,100000	2,659680E-10	5,384490
-0,050000	2,613200E-10	5,099370
0,000000	2,563400E-10	4,833440
0,050000	2,509280E-10	4,579520
0,100000	2,451650E-10	4,343150
0,150000	2,389570E-10	4,121560
0,200000	2,323950E-10	3,917360
0,250000	2,254900E-10	3,731280
0,300000	2,182930E-10	3,563300
0,350000	2,108710E-10	3,413210
0,400000	2,033000E-10	3,281450
0,450000	1,956530E-10	3,167510
0,500000	1,879730E-10	3,070990
0,550000	1,803770E-10	2,991840
0,600000	1,729150E-10	2,929470
0,650000	1,656340E-10	2,883520
0,700000	1,585600E-10	2,853480
0,750000	1,519430E-10	2,840270
0,800000	1,452330E-10	2,844210
0,850000	1,393150E-10	2,861680
0,900000	1,328850E-10	2,908370
0,950000	1,277310E-10	2,961990
1,000000	1,225370E-10	3,037850
1,050000	1,183100E-10	3,127430
1,100000	1,142120E-10	3,235920
1,150000	1,104100E-10	3,365230
1,200000	1,068870E-10	3,516600
1,250000	1,036630E-10	3,689880
1,300000	1,006990E-10	3,887200
1,350000	9,797510E-11	4,111630
1,400000	9,552370E-11	4,356520
1,450000	9,322550E-11	4,635110
1,500000	9,105810E-11	4,953180
1,550000	8,902860E-11	5,313710
1,600000	8,714190E-11	5,720200
1,650000	8,538760E-11	6,171080
1,700000	8,374560E-11	6,675210
1,750000	8,219500E-11	7,243060
1,800000	8,075240E-11	7,867990
1,850000	7,937160E-11	8,570090
1,900000	7,806390E-11	9,365220
1,950000	7,681850E-11	10,246100
2,000000	7,564790E-11	11,249000
2,050000	7,453070E-11	12,387800
2,100000	7,346730E-11	13,680000
2,150000	7,243470E-11	15,057800
2,200000	7,140730E-11	16,356000
2,250000	7,042160E-11	17,773300
2,300000	6,948450E-11	19,384900
2,350000	6,858240E-11	21,171400
2,400000	6,771310E-11	23,075500
2,450000	6,686810E-11	25,148100
2,500000	6,603590E-11	27,454100
2,550000	6,524480E-11	29,781600
2,600000	6,447580E-11	32,291000
2,650000	6,372750E-11	34,877200
2,700000	6,299890E-11	37,548600
2,750000	6,229750E-11	40,253700
2,800000	6,165580E-11	42,723600
2,850000	6,100050E-11	45,393700
2,900000	6,036240E-11	48,194300
2,950000	5,975160E-11	50,953600
3,000000	5,917990E-11	53,674100
3,050000	5,863680E-11	56,271000
3,100000	5,810560E-11	58,504900
3,150000	5,759890E-11	60,506300
3,200000	5,712870E-11	62,335200
3,250000	5,663080E-11	65,035100
3,300000	5,613880E-11	66,966800
3,350000	5,570840E-11	68,746100
3,400000	5,528970E-11	70,262900
3,450000	5,488520E-11	71,726900
3,500000	5,449580E-11	73,247600
3,550000	5,412770E-11	74,523700
3,600000	5,390280E-11	74,435000
3,650000	5,362150E-11	75,945400
3,700000	5,326640E-11	77,391600
3,750000	5,295500E-11	78,707500
3,800000	5,270480E-11	79,416000
3,850000	5,245640E-11	80,534800
3,900000	5,222820E-11	81,588700
3,950000	5,201000E-11	82,595700
4,000000	5,181610E-11	83,916200
4,050000	5,160570E-11	85,508900
4,100000	5,101080E-11	89,337300
4,150000	5,077620E-11	88,549000
4,200000	5,058680E-11	89,163700
4,250000	5,040820E-11	88,487400
4,300000	5,024250E-11	86,404700
4,350000	5,008600E-11	86,040200
4,400000	5,004630E-11	83,514000
4,450000	5,085710E-11	84,387100
4,500000	5,069340E-11	87,356800
4,550000	5,051860E-11	88,209400
4,600000	5,043840E-11	91,452400
4,650000	5,038720E-11	91,758600
4,700000	5,036210E-11	92,897100
4,750000	5,034880E-11	93,085700
4,800000	4,928690E-11	101,719000
4,850000	4,911950E-11	99,849500
4,900000	4,906590E-11	103,768000
4,950000	4,907640E-11	146,674000
5,000000	4,938140E-11	338,819000
5,050000	4,968080E-11	263,980000
5,100000	5,049660E-11	245,724000
5,150000	5,033820E-11	264,103000
5,200000	5,006090E-11	262,870000
5,250000	4,989500E-11	286,861000
5,300000	4,971910E-11	302,310000
5,350000	4,963460E-11	287,878000
5,400000	4,902330E-11	390,799000
5,450000	4,891460E-11	366,638000
5,500000	4,889810E-11	368,763000
5,550000	4,888910E-11	391,011000
5,600000	4,887400E-11	396,534000
5,650000	4,878430E-11	384,029000
5,700000	4,894180E-11	281,666000
5,750000	5,039970E-11	221,935000
5,800000	5,060840E-11	221,099000
5,850000	5,056500E-11	218,968000
5,900000	5,043310E-11	223,290000
5,950000	5,023290E-11	183,225000
6,000000	5,032000E-11	154,691000
6,050000	5,036650E-11	131,781000
6,100000	5,038840E-11	117,422000
6,150000	5,043940E-11	108,231000
6,200000	5,048640E-11	100,279000
6,250000	5,052850E-11	96,971200
6,300000	4,842860E-11	98,759500
6,350000	4,841270E-11	93,071000
6,400000	4,844880E-11	90,438300
6,450000	4,848720E-11	89,001000
6,500000	4,851800E-11	88,565300
6,550000	4,855660E-11	88,118500
6,600000	4,861450E-11	87,257700
6,650000	4,880650E-11	84,700000
6,700000	5,089670E-11	76,785700
6,750000	5,134530E-11	83,495700
6,800000	5,129880E-11	85,385600
6,850000	5,145960E-11	90,158800
6,900000	5,147180E-11	98,549400
6,950000	5,165210E-11	123,658000
7,000000	5,049470E-11	1061,060000
7,050000	4,971190E-11	110,571000
7,100000	4,977650E-11	132,205000
7,150000	4,982220E-11	155,195000
7,200000	4,991800E-11	114,364000
7,250000	4,989110E-11	140,183000
7,300000	4,995800E-11	117,232000
7,350000	5,000590E-11	97,217900
7,400000	5,002670E-11	94,357300
7,450000	5,045070E-11	84,594600
7,500000	5,248200E-11	78,823000
7,550000	5,265130E-11	85,094700
7,600000	5,241860E-11	88,014800
7,650000	5,242330E-11	86,045400
7,700000	5,254910E-11	84,380900
7,750000	5,277710E-11	83,128400
7,800000	5,287630E-11	81,817000
7,850000	5,298960E-11	81,058300
7,900000	5,163040E-11	115,708000
7,950000	5,023080E-11	87,288400
8,000000	5,022450E-11	85,245300
8,050000	5,024160E-11	84,453300
8,100000	5,025170E-11	83,851900
8,150000	5,026250E-11	82,484400
8,200000	5,027750E-11	82,109200
8,250000	5,058440E-11	76,962000
8,300000	5,263080E-11	74,551800
8,350000	5,279990E-11	76,909800
8,400000	5,278570E-11	76,617900
8,450000	5,228050E-11	80,155200
8,500000	5,188130E-11	79,041100
8,550000	5,173670E-11	78,581900
8,600000	5,180100E-11	79,012700
8,650000	5,184550E-11	77,810700
8,700000	5,192350E-11	78,674900
8,750000	5,190000E-11	78,276000
8,800000	5,064190E-11	89,428100
8,850000	5,031540E-11	81,430800
8,900000	5,032850E-11	81,416100
8,950000	5,033880E-11	81,951000
9,000000	5,034730E-11	82,108500
9,050000	5,035260E-11	82,389700
9,100000	5,036220E-11	82,778700
9,150000	5,112250E-11	74,570900
9,200000	5,259840E-11	78,825600
9,250000	5,242440E-11	79,301300
9,300000	5,234970E-11	80,142400
9,350000	5,232470E-11	81,013200
9,400000	5,247520E-11	79,073100
9,450000	5,244280E-11	80,623100
9,500000	5,237810E-11	80,014400
9,550000	5,244650E-11	78,506900
9,600000	5,058070E-11	89,574000
9,650000	5,036870E-11	82,207900
9,700000	5,036640E-11	82,147900
9,750000	5,037280E-11	81,774800
9,800000	5,037640E-11	81,530000
9,850000	5,038070E-11	81,177800
9,900000	5,038310E-11	81,450400
9,950000	5,040930E-11	80,841800
10,000000	5,049800E-11	79,902800
